loFreq = 200;
hiFreq = 20000;